Algorithm: I0A0U0
CLUSTER-1{size: 111,centroid :2016-11-01 13:00:00}
CLUSTER-2{size: 95,centroid :2016-04-09 17:00:00}
CLUSTER-3{size: 111,centroid :2017-10-15 01:00:00}
CLUSTER-4{size: 82,centroid :2018-10-25 20:00:00}
clustering_time :0.195183
Silhouette : [0.182119,0.0633944,0.151494,0.0496534,0.446661]
----------------------
Algorithm: I0A1U0
CLUSTER-1{size: 170,centroid :2017-09-25 23:00:00}
CLUSTER-2{size: 163,centroid :2018-08-28 23:00:00}
CLUSTER-3{size: 66,centroid :2018-11-02 01:00:00}
CLUSTER-4{size: 0,centroid :2018-10-21 05:00:00}
clustering_time :0.245465
Silhouette : [0.25459,0.0561141,0.0661751,0,0.376879]
----------------------
Algorithm: I0A0U1
CLUSTER-1{size: 131,[ m|0,0,0.00711084,0.0275667,0.0171347,0.0156244,0,0,0,3.68388e-05,0.00705818,0,0,0.00275619,0,0,0,0,0,0.0102938,0,0,0,0.0130766,0,0,0,0,0.00124941,0.0086727,0,0,0,0,6.32898e-05,0.00611475,0.0115252,0.00265989,0.00166387,0,0.00715825,0,0.116695,0.00396633,0.000779144,0.00850951,0.000639407,0,0,0,0,0,0.0248377,3.40676e-05,0,0.00609295,0,0.000646389,0,0,0,0,0,0.01148,]

CLUSTER-2{size: 79,[ m|0,0,0.111199,0.644597,0,0.270359,0,0,0,0,0.0622012,0,0,0.113627,0,0,0,0,0,0.120874,0,0,0,0.40042,0,0.00209792,0,0,0.0416404,0.758833,0,0,0,0,0,0.0683974,0.543568,0,0.642757,0.000784724,0.192797,0.0233005,0.000157772,0.049658,0.0680398,0.181809,0.012772,0,0.0108201,0,0,0,0.29342,0,0,0,0,0,0,0,0,0,0,0.406767,]

CLUSTER-3{size: 111,[ m|0,0,0.0933626,0.326162,0,0.157572,0,0,0,0,0.0592709,0,0,0.0711576,0,0,0,0,0,0.0477996,0,0,0,0.198239,0,0.00733828,0,0,0.0483124,0.352077,0,0,0,0,0.000731391,0.0268492,0.323484,0,0.321469,0.004646,0.112848,0.0390527,0.000103943,0.0429197,0.0355911,0.121164,0.00581797,0,0.0245779,0,0,0,0.160006,0,0,0.00492953,0.00115602,0.000394985,0,0,0,0,0,0.226527,]

CLUSTER-4{size: 78,[ m|0,0,0.0378638,0.128478,0.00415735,0.0703331,0,0,0,2.9533e-05,0.0438643,0,0,0.0219523,0,0,0,0,0,0.0316117,0,0,0,0.0831626,0,0,0,0,0.0261714,0.109238,0,0,0,0,0.00217261,0.0173662,0.127752,0.000346846,0.0874469,0.00133178,0.0471655,0.00665056,0.00846872,0.0308103,0.0123725,0.0697654,0.0011352,0,0.00265414,0,0,0,0.0846552,0,0,0.00181198,4.6451e-05,0.00119415,0,0,0,0,0,0.0898934,]

clustering_time :0.009969
Silhouette : [0.211488,0.0608256,0.0862238,0.0573796,0.415917]
----------------------
Algorithm: I0A1U1
CLUSTER-1{size: 179,[ m|0,0,0.0145894,0.0487733,0.0143291,0.0264005,0,0,0,3.98293e-05,0.0162415,0,0,0.00528187,0,0,0,0,0,0.0158842,0,0,0,0.0293417,0,0,0,0,0.00704617,0.0236935,0,0,0,0,0.00093824,0.00896478,0.0355683,0.00209776,0.0146092,3.28526e-05,0.015912,0.000478498,0.0888182,0.009865,0.00229203,0.0221374,0.000615386,0,0.000324048,0,0,0,0.038489,2.49321e-05,0,0.00501246,2.02412e-05,0.000938198,0,0,0,0,0,0.027452,]

CLUSTER-2{size: 113,[ m|0,0,0.110388,0.571984,0,0.239502,0,0,0,0,0.0591022,0,0,0.103933,0,0,0,0,0,0.103818,0,0,0,0.353764,0,0.00405275,0,0,0.0422461,0.669298,0,0,0,0,0,0.0587146,0.493207,0,0.575912,0.00134878,0.169407,0.03232,0.000110301,0.0487027,0.058811,0.168855,0.0108713,0,0.0166493,0,0,0,0.262021,0,0,0.000596906,0,0,0,0,0,0,0,0.372493,]

CLUSTER-3{size: 89,[ m|0,0,0.0813318,0.277219,0,0.143924,0,0,0,0,0.0597801,0,0,0.0628504,0,0,0,0,0,0.0396357,0,0,0,0.169214,0,0.00586881,0,0,0.0476874,0.291661,0,0,0,0,0.000912184,0.0204528,0.282478,0,0.268228,0.00507359,0.104485,0.0326104,0.000609313,0.0413164,0.0315108,0.109514,0.00500397,0,0.0203435,0,0,0,0.141494,0,0,0.00539019,0.00144177,0.000603668,0,0,0,0,0,0.189832,]

CLUSTER-4{size: 18,[ m|0,0,0.0393876,0.151258,0.000222571,0.0990558,0,0,0,0,0.0518218,0,0,0.0369334,0,0,0,0,0,0.0314841,0,0,0,0.0861077,0,0,0,0,0.0321144,0.158631,0,0,0,0,0.000544979,0.0266391,0.1713,0,0.107458,0.00398532,0.0601868,0.00301048,0.000361841,0.0368592,0.0295837,0.0876956,0.00239595,0,0.00222251,0,0,0,0.0948221,0,0,0.00234886,0,0,0,0,0,0,0,0.105223,]

clustering_time :0.079021
Silhouette : [0.210397,0.0520997,0.0382732,0.0190366,0.319807]
----------------------
